%dat.m
MM=256;
tend=100.0;
dtout=tend;
Nend=1000;
factor=1.0;
D=0.01; %D1
%D=0.001; %D2
Pe=1000.0;
a=-10.0;
b=1200.0;
t0=0.0;
%A=amplitude
A=5.0;
xi0=1.5;
sigma=1.0;