%Dat.m

MM=256;
tend=100.0;
dtout=25.0;
Nend=1000;
factor=1.0;
D=0.1;
a=0.0;
b=1.0;
t0=0.0;