%dat.m
MM=64;
tend=100.0;
dtout=25;
Nend=1000;
factor=1.0;
%D=0.01; %D1
D=0.001; %D2
Pe=1000.0;
a=-1.0;
b=115.0;
t0=0.0;
%A=amplitude
A=0.001;
xi0=2.0;
sigma=1.0;